0.0
0.0
0.0
0.0
0.0
0.0
0.0
0.0
0.0
0.0
0.0
0.0
0.0
0.0
0.0
0.0
0.0
0.0
0.0
0.0
0.0
0.0
0.0
0.0
0.0
0.0
0.0
0.0
0.0
0.0
0.0
0.0
0.0
0.10000000149011612
0.0
0.0
0.10000000149011612
0.0
0.10000000149011612
0.0
0.0
0.0
0.0
0.0
0.0
0.0
0.0
0.0
0.0
0.0
0.0
0.0
0.0
0.0
0.0
0.0
0.10000000149011612
0.0
0.0
0.0
0.0
0.0
0.0
0.0
0.0
0.0
0.0
0.0
0.0
0.0
0.0
0.0
0.10000000149011612
0.0
0.0
0.09000000171363354
0.0
0.0
0.0
0.0
0.0
0.10000000149011612
0.0
0.0
0.0
0.10000000149011612
0.0
0.0
0.0
0.0
0.0
0.0
0.0
0.0
0.0
0.10000000149011612
0.0
0.0
0.0
0.0
0.0
0.0
0.0
0.0
0.09000000171363354
0.0
0.10000000149011612
0.0
0.0
0.0
0.0
0.0
0.0
0.10000000149011612
0.0
0.09000000171363354
0.0
0.0
0.10000000149011612
0.0
0.10000000149011612
0.09000000171363354
0.0
0.0
0.0
0.0
0.09000000171363354
0.0
0.0
0.0
0.0
0.09000000171363354
0.09000000171363354
0.0
0.09000000171363354
0.0
0.10000000149011612
0.10000000149011612
0.09000000171363354
0.10000000149011612
0.10000000149011612
0.10000000149011612
0.0
0.0
0.09000000171363354
0.0
0.10000000149011612
0.09000000171363354
0.0
0.10000000149011612
0.09000000171363354
0.10000000149011612
0.10000000149011612
0.09000000171363354
0.0
0.0
0.0
0.0
0.10000000149011612
0.0
0.0
0.0
0.10000000149011612
0.0
0.10000000149011612
0.09000000171363354
0.10000000149011612
0.09000000171363354
0.09000000171363354
0.10000000149011612
0.10000000149011612
0.0
0.10000000149011612
0.0
0.0
0.09000000171363354
0.10000000149011612
0.09000000171363354
0.10000000149011612
0.10000000149011612
0.09000000171363354
0.09000000171363354
0.10000000149011612
0.09000000171363354
0.09000000171363354
0.09000000171363354
0.09000000171363354
0.09000000171363354
0.10000000149011612
0.10000000149011612
0.09000000171363354
0.0
0.09000000171363354
0.10000000149011612
0.09000000171363354
0.10000000149011612
0.09000000171363354
0.19000000320374966
0.10000000149011612
0.10000000149011612
0.20000000298023224
0.10000000149011612
0.10000000149011612
0.09000000171363354
0.09000000171363354
0.10000000149011612
0.10000000149011612
0.10000000149011612
0.09000000171363354
0.10000000149011612
0.10000000149011612
0.10000000149011612
0.10000000149011612
0.10000000149011612
0.09000000171363354
0.10000000149011612
0.09000000171363354
0.10000000149011612
0.09000000171363354
0.10000000149011612
0.10000000149011612
0.09000000171363354
0.10000000149011612
0.10000000149011612
0.10000000149011612
0.09000000171363354
0.10000000149011612
0.10000000149011612
0.10000000149011612
0.20000000298023224
0.10000000149011612
0.1900000050663948
0.10000000149011612
0.20000000298023224
0.10000000149011612
0.10000000149011612
0.20000000298023224
0.10000000149011612
0.20000000298023224
0.09000000171363354
0.10000000149011612
0.20000000298023224
0.6000000089406967
0.4000000059604645
1.2000000178813934
0.5000000074505806
0.30000000447034836
0.4000000059604645
1.1000000163912773
1.5000000223517418
0.9000000134110451
0.10000000149011612
0.30000000447034836
0.4000000059604645
0.10000000149011612
0.30000000447034836
0.20000000298023224
0.7000000104308128
1.5900000240653753
0.30000000447034836
0.20000000298023224
0.4000000059604645
0.4000000059604645
0.30000000447034836
0.20000000298023224
0.5000000074505806
2.0000000298023224
0.20000000298023224
1.1000000163912773
0.20000000298023224
0.10000000149011612
0.20000000298023224
0.10000000149011612
0.10000000149011612
0.10000000149011612
0.10000000149011612
0.10000000149011612
0.30000000447034836
0.10000000149011612
0.10000000149011612
0.20000000298023224
0.2900000046938658
0.4000000059604645
1.1000000163912773
0.10000000149011612
0.09000000171363354
0.10000000149011612
0.4000000059604645
0.6000000089406967
0.4000000059604645
0.10000000149011612
0.10000000149011612
0.5000000074505806
0.10000000149011612
0.10000000149011612
1.1000000163912773
0.5000000074505806
0.5000000074505806
0.20000000298023224
0.10000000149011612
0.6000000089406967
0.8900000136345625
0.20000000298023224
0.20000000298023224
0.19000000320374966
0.20000000298023224
0.20000000298023224
0.10000000149011612
1.1000000163912773
1.0000000149011612
0.19000000320374966
0.7000000104308128
0.30000000447034836
0.0
0.30000000447034836
0.20000000298023224
0.10000000149011612
0.3900000061839819
0.10000000149011612
0.4000000059604645
0.30000000447034836
0.2900000046938658
0.10000000149011612
0.30000000447034836
0.20000000298023224
0.30000000447034836
0.19000000320374966
0.30000000447034836
0.10000000149011612
0.0
0.20000000298023224
0.4000000059604645
0.30000000447034836
0.30000000447034836
1.0900000166147947
0.20000000298023224
0.20000000298023224
1.8000000268220901
0.4000000059604645
0.10000000149011612
0.10000000149011612
0.10000000149011612
0.5000000074505806
0.30000000447034836
0.10000000149011612
0.4000000059604645
0.6000000089406967
0.8900000136345625
0.30000000447034836
0.30000000447034836
0.10000000149011612
0.7900000140070915
0.20000000298023224
0.10000000149011612
0.20000000298023224
0.20000000298023224
0.20000000298023224
1.2000000178813934
0.19000000320374966
0.20000000298023224
1.1000000163912773
0.4000000059604645
0.20000000298023224
0.10000000149011612
0.4000000059604645
0.30000000447034836
0.10000000149011612
0.5000000074505806
0.10000000149011612
0.5000000074505806
0.20000000298023224
0.4000000059604645
0.20000000298023224
0.4000000059604645
0.7000000104308128
0.30000000447034836
0.30000000447034836
0.20000000298023224
0.30000000447034836
0.4000000059604645
0.19000000320374966
0.6000000089406967
0.6000000089406967
0.7000000104308128
0.20000000298023224
0.10000000149011612
0.5000000074505806
0.10000000149011612
0.30000000447034836
0.7000000104308128
0.20000000298023224
0.800000011920929
0.2900000046938658
0.30000000447034836
0.19000000320374966
0.30000000447034836
0.7000000104308128
0.10000000149011612
0.2900000046938658
0.2900000046938658
0.4000000059604645
1.1000000163912773
0.30000000447034836
1.9000000283122063
1.1000000163912773
0.10000000149011612
0.5000000074505806
0.10000000149011612
0.10000000149011612
0.20000000298023224
0.20000000298023224
0.7000000104308128
0.10000000149011612
0.10000000149011612
0.30000000447034836
2.600000038743019
0.10000000149011612
1.3000000193715096
1.700000025331974
0.10000000149011612
0.20000000298023224
0.7000000104308128
0.4000000059604645
0.10000000149011612
0.6000000089406967
0.10000000149011612
1.9000000283122063
1.0000000149011612
0.9000000134110451
0.30000000447034836
1.0000000149011612
0.20000000298023224
0.5000000074505806
0.2900000046938658
0.20000000298023224
0.10000000149011612
2.2000000327825546
0.5000000074505806
0.20000000298023224
0.20000000298023224
0.10000000149011612
0.10000000149011612
0.20000000298023224
0.30000000447034836
2.500000037252903
0.4000000059604645
0.5000000074505806
0.10000000149011612
1.2000000178813934
0.10000000149011612
0.10000000149011612
0.10000000149011612
2.600000038743019
0.0
0.6000000089406967
